a_ib_pi = 0.04;
a_ib_u = -0.02;
a_ib_y = 0.15;
a_rKB_i = 0.24;
b0_ib = 0.018;
b1_ib = 0.0818;
b2_ib = 0;
b3_ib = 0.3144;
h_pac_ib_constant = 0.0001354518417331411;
h_pac_ib_var_dln_pcom_lag_1 = 8.360349013065057e-06;
h_pac_ib_var_i_gap_lag_1 = -0.0008547629277072771;
h_pac_ib_var_ib_hat_lag_1 = 0.0009663059095514861;
h_pac_ib_var_ibar_lag_1 = 0;
h_pac_ib_var_piQ_lag_1 = 0.0001542008226894693;
h_pac_ib_var_pi_au_gap_lag_1 = 0.0001705017791889772;
h_pac_ib_var_pi_m_lag_1 = 5.077856507779174e-05;
h_pac_ib_var_pi_us_gap_lag_1 = 0;
h_pac_ib_var_pibar_au_lag_1 = -0.0004217023345402872;
h_pac_ib_var_pibar_us_lag_1 = 0;
h_pac_ib_var_rKB_hat_lag_1 = 0;
h_pac_ib_var_u_gap_lag_1 = -0.0003441608781608857;
h_pac_ib_var_yhat_au_lag_1 = 0.001088053886041616;
h_pac_ib_var_yhat_us_lag_1 = 0.0009287277213658311;
rho_ib_aux = 0.6;
rho_rKB_aux = 0.55;
