a_ib_pi = 0.023;
a_ib_u = 0.004;
a_ib_y = 0.05;
a_rKB_i = 0.242;
b0_ib = 0.018;
b1_ib = 0.0818;
b2_ib = 0;
b3_ib = 0.3144;
h_pac_ib_constant = 6.705446366019327e-05;
h_pac_ib_var_dln_pcom_lag_1 = 4.138196594744458e-06;
h_pac_ib_var_i_gap_lag_1 = -0.0001901434807020625;
h_pac_ib_var_ib_hat_lag_1 = 0.001432177690824942;
h_pac_ib_var_ibar_lag_1 = 0;
h_pac_ib_var_piQ_lag_1 = 7.633289925954891e-05;
h_pac_ib_var_pi_au_gap_lag_1 = 8.419450803018518e-05;
h_pac_ib_var_pi_m_lag_1 = 2.51357467261738e-05;
h_pac_ib_var_pi_us_gap_lag_1 = 0;
h_pac_ib_var_pibar_au_lag_1 = -0.0002087557878420321;
h_pac_ib_var_pibar_us_lag_1 = 0;
h_pac_ib_var_rKB_hat_lag_1 = 0;
h_pac_ib_var_u_gap_lag_1 = 8.755875036522933e-05;
h_pac_ib_var_yhat_au_lag_1 = 0.0002409149502218592;
h_pac_ib_var_yhat_us_lag_1 = 0.0002065844286071973;
rho_ib_aux = 0.694;
rho_rKB_aux = 0.162;
