function ds = evaluate(dbase)

% Evaluates pac_expectations term (pac_c).
%
% INPUTS
% - dbase     [dseries]  databse containing all the variables appearing in the auxiliary model for the expectation.
%
% OUTPUTS
% - ds        [dseries]  the expectation term .
%
% REMARKS
% The name of the appended variable in dbase is the declared name for the (PAC/VAR) expectation model.

% This file has been generated by dynare (17-May-2026 16:52:37).

ds = dseries();

ds.pac_c = 0.0003458937173373+0.0109061767621788*dbase.yhat_au(-1)-0.0088452245948591*dbase.i_gap(-1)+0.0009453289296050*dbase.pi_au_gap(-1)-0.0073097344342975*dbase.u_gap(-1)+0.0065016097856020*dbase.yhat_us(-1)+0.0000000000000000*dbase.pi_us_gap(-1)+0.0000000000000000*dbase.ibar(-1)-0.0012202163634228*dbase.pibar_au(-1)+0.0000000000000000*dbase.pibar_us(-1)+0.0005564054691821*dbase.piQ(-1)+0.0001103809465011*dbase.pi_m(-1)+0.0000395532502180*dbase.dln_pcom(-1)+0.0100219718777913*dbase.yh_ratio_hat(-1)+0.0105377656839751*dbase.c_hat(-1);
