function ds = evaluate(dbase)

% Evaluates pac_expectations term (pac_c).
%
% INPUTS
% - dbase     [dseries]  databse containing all the variables appearing in the auxiliary model for the expectation.
%
% OUTPUTS
% - ds        [dseries]  the expectation term .
%
% REMARKS
% The name of the appended variable in dbase is the declared name for the (PAC/VAR) expectation model.

% This file has been generated by dynare (16-May-2026 09:43:34).

ds = dseries();

ds.pac_c = 0.0006742793619455+0.0314015799342745*dbase.yhat_au(-1)-0.0159405430853692*dbase.i_gap(-1)+0.0022840708933529*dbase.pi_au_gap(-1)-0.0190659116083371*dbase.u_gap(-1)+0.0186942864966065*dbase.yhat_us(-1)+0.0000000000000000*dbase.pi_us_gap(-1)+0.0000000000000000*dbase.ibar(-1)-0.0029380538584307*dbase.pibar_au(-1)+0.0000000000000000*dbase.pibar_us(-1)+0.0013397355595621*dbase.piQ(-1)+0.0005194713197557*dbase.pi_m(-1)+0.0000952434426172*dbase.dln_pcom(-1)+0.0156422033126433*dbase.yh_ratio_hat(-1)+0.0112736596610668*dbase.c_hat(-1);
