// This file has been generated by dynare (17-May-2026 11:22:21).

parameters h_pac_pQ_constant h_pac_pQ_var_yhat_au_lag_1 h_pac_pQ_var_i_gap_lag_1 h_pac_pQ_var_pi_au_gap_lag_1 h_pac_pQ_var_u_gap_lag_1 h_pac_pQ_var_yhat_us_lag_1 h_pac_pQ_var_pi_us_gap_lag_1 h_pac_pQ_var_ibar_lag_1 h_pac_pQ_var_pibar_au_lag_1 h_pac_pQ_var_pibar_us_lag_1 h_pac_pQ_var_piQ_lag_1 h_pac_pQ_var_pi_m_lag_1 h_pac_pQ_var_dln_pcom_lag_1 h_pac_pQ_var_pi_w_gap_lag_1 h_pac_pQ_var_piQ_hat_lag_1;

h_pac_pQ_constant = 0.0019460711866706;
h_pac_pQ_var_yhat_au_lag_1 = 0.0039734129352711;
h_pac_pQ_var_i_gap_lag_1 = -0.0024357028900377;
h_pac_pQ_var_pi_au_gap_lag_1 = 0.0032606211115294;
h_pac_pQ_var_u_gap_lag_1 = -0.0026694925718220;
h_pac_pQ_var_yhat_us_lag_1 = 0.0030864452118670;
h_pac_pQ_var_pi_us_gap_lag_1 = 0.0000000000000000;
h_pac_pQ_var_ibar_lag_1 = 0.0000000000000000;
h_pac_pQ_var_pibar_au_lag_1 = -0.0066413157451646;
h_pac_pQ_var_pibar_us_lag_1 = 0.0000000000000000;
h_pac_pQ_var_piQ_lag_1 = 0.0026209736847014;
h_pac_pQ_var_pi_m_lag_1 = 0.0009066281617903;
h_pac_pQ_var_dln_pcom_lag_1 = 0.0001536409820677;
h_pac_pQ_var_pi_w_gap_lag_1 = 0.0062113776464536;
h_pac_pQ_var_piQ_hat_lag_1 = 0.0070924221412947;
