// This file has been generated by dynare (16-May-2026 09:43:33).

parameters h_pac_pQ_constant h_pac_pQ_var_yhat_au_lag_1 h_pac_pQ_var_i_gap_lag_1 h_pac_pQ_var_pi_au_gap_lag_1 h_pac_pQ_var_u_gap_lag_1 h_pac_pQ_var_yhat_us_lag_1 h_pac_pQ_var_pi_us_gap_lag_1 h_pac_pQ_var_ibar_lag_1 h_pac_pQ_var_pibar_au_lag_1 h_pac_pQ_var_pibar_us_lag_1 h_pac_pQ_var_piQ_lag_1 h_pac_pQ_var_pi_m_lag_1 h_pac_pQ_var_dln_pcom_lag_1 h_pac_pQ_var_piQ_hat_lag_1;

h_pac_pQ_constant = 0.0000568721267583;
h_pac_pQ_var_yhat_au_lag_1 = 0.0012669422530300;
h_pac_pQ_var_i_gap_lag_1 = -0.0007943510365543;
h_pac_pQ_var_pi_au_gap_lag_1 = 0.0000958567860411;
h_pac_pQ_var_u_gap_lag_1 = 0.0000000000000000;
h_pac_pQ_var_yhat_us_lag_1 = 0.0010053304456125;
h_pac_pQ_var_pi_us_gap_lag_1 = 0.0000000000000000;
h_pac_pQ_var_ibar_lag_1 = 0.0000000000000000;
h_pac_pQ_var_pibar_au_lag_1 = -0.0001941397349341;
h_pac_pQ_var_pibar_us_lag_1 = 0.0000000000000000;
h_pac_pQ_var_piQ_lag_1 = 0.0000766295154835;
h_pac_pQ_var_pi_m_lag_1 = 0.0000265148166373;
h_pac_pQ_var_dln_pcom_lag_1 = 0.0000044954102448;
h_pac_pQ_var_piQ_hat_lag_1 = 0.0070924221412947;
