// This file has been generated by dynare (17-May-2026 16:52:36).

parameters h_pac_pQ_constant h_pac_pQ_var_yhat_au_lag_1 h_pac_pQ_var_i_gap_lag_1 h_pac_pQ_var_pi_au_gap_lag_1 h_pac_pQ_var_u_gap_lag_1 h_pac_pQ_var_yhat_us_lag_1 h_pac_pQ_var_pi_us_gap_lag_1 h_pac_pQ_var_ibar_lag_1 h_pac_pQ_var_pibar_au_lag_1 h_pac_pQ_var_pibar_us_lag_1 h_pac_pQ_var_piQ_lag_1 h_pac_pQ_var_pi_m_lag_1 h_pac_pQ_var_dln_pcom_lag_1 h_pac_pQ_var_pi_w_gap_lag_1 h_pac_pQ_var_piQ_hat_lag_1;

h_pac_pQ_constant = 0.0005236870666278;
h_pac_pQ_var_yhat_au_lag_1 = 0.0013094155815919;
h_pac_pQ_var_i_gap_lag_1 = -0.0013540398094923;
h_pac_pQ_var_pi_au_gap_lag_1 = 0.0007347755204011;
h_pac_pQ_var_u_gap_lag_1 = -0.0010375044821992;
h_pac_pQ_var_yhat_us_lag_1 = 0.0010313051304382;
h_pac_pQ_var_pi_us_gap_lag_1 = 0.0000000000000000;
h_pac_pQ_var_ibar_lag_1 = 0.0000000000000000;
h_pac_pQ_var_pibar_au_lag_1 = -0.0015437324690708;
h_pac_pQ_var_pibar_us_lag_1 = 0.0000000000000000;
h_pac_pQ_var_piQ_lag_1 = 0.0006086782909133;
h_pac_pQ_var_pi_m_lag_1 = 0.0000971548715530;
h_pac_pQ_var_dln_pcom_lag_1 = 0.0000355353463619;
h_pac_pQ_var_pi_w_gap_lag_1 = 0.0011653464903021;
h_pac_pQ_var_piQ_hat_lag_1 = 0.0006855541194920;
