function y = set_auxiliary_variables(y, x, params)
%
% Computes auxiliary variables of the static model
%
y(93)=0;
y(94)=y(93);
y(95)=0;
y(96)=y(95);
y(97)=0;
y(98)=y(97);
y(99)=0;
y(100)=y(99);
y(101)=0;
y(102)=y(101);
y(103)=0;
y(104)=y(103);
y(105)=0;
y(106)=y(105);
y(107)=y(106);
y(108)=y(107);
y(109)=y(108);
y(110)=0;
y(111)=y(110);
y(112)=0;
y(113)=y(112);
y(114)=y(113);
y(115)=0;
y(116)=y(115);
y(117)=y(116);
y(118)=y(82)*params(138)+y(81)*params(139)+y(82)*params(140)+y(81)*params(141)+y(82)*params(142);
y(119)=y(85)*params(143)+y(84)*params(144)+y(85)*params(145)+y(84)*params(146)+y(85)*params(147);
y(120)=y(88)*params(148)+y(87)*params(149)+y(88)*params(150)+y(87)*params(151)+y(88)*params(152);
y(121)=y(91)*params(153)+y(90)*params(154)+y(91)*params(155)+y(90)*params(156)+y(91)*params(157);
y(122)=y(78)*params(158)+y(77)*params(159)+y(78)*params(160)+y(77)*params(161)+y(78)*params(162);
y(123)=y(81);
y(124)=y(82);
y(125)=y(84);
y(126)=y(85);
y(127)=y(87);
y(128)=y(88);
y(129)=y(90);
y(130)=y(91);
y(131)=y(77);
y(132)=y(78);
end
