function y = set_auxiliary_variables(y, x, params)
%
% Computes auxiliary variables of the static model
%
y(98)=0;
y(99)=y(98);
y(100)=0;
y(101)=y(100);
y(102)=0;
y(103)=y(102);
y(104)=0;
y(105)=y(104);
y(106)=0;
y(107)=y(106);
y(108)=0;
y(109)=y(108);
y(110)=0;
y(111)=y(110);
y(112)=y(111);
y(113)=y(112);
y(114)=y(113);
y(115)=0;
y(116)=y(115);
y(117)=0;
y(118)=y(117);
y(119)=y(118);
y(120)=0;
y(121)=y(120);
y(122)=y(121);
y(123)=y(87)*params(158)+y(86)*params(159)+y(87)*params(160)+y(86)*params(161)+y(87)*params(162);
y(124)=y(90)*params(163)+y(89)*params(164)+y(90)*params(165)+y(89)*params(166)+y(90)*params(167);
y(125)=y(93)*params(168)+y(92)*params(169)+y(93)*params(170)+y(92)*params(171)+y(93)*params(172);
y(126)=y(96)*params(173)+y(95)*params(174)+y(96)*params(175)+y(95)*params(176)+y(96)*params(177);
y(127)=y(83)*params(178)+y(82)*params(179)+y(83)*params(180)+y(82)*params(181)+y(83)*params(182);
y(128)=y(86);
y(129)=y(87);
y(130)=y(89);
y(131)=y(90);
y(132)=y(92);
y(133)=y(93);
y(134)=y(95);
y(135)=y(96);
y(136)=y(82);
y(137)=y(83);
end
