// This file has been generated by dynare (17-May-2026 16:52:38).

parameters h_pac_n_constant h_pac_n_var_yhat_au_lag_1 h_pac_n_var_i_gap_lag_1 h_pac_n_var_pi_au_gap_lag_1 h_pac_n_var_u_gap_lag_1 h_pac_n_var_yhat_us_lag_1 h_pac_n_var_pi_us_gap_lag_1 h_pac_n_var_ibar_lag_1 h_pac_n_var_pibar_au_lag_1 h_pac_n_var_pibar_us_lag_1 h_pac_n_var_piQ_lag_1 h_pac_n_var_pi_m_lag_1 h_pac_n_var_dln_pcom_lag_1 h_pac_n_var_n_hat_lag_1;

h_pac_n_constant = 0.0008405020359839;
h_pac_n_var_yhat_au_lag_1 = 0.0072745019992967;
h_pac_n_var_i_gap_lag_1 = -0.0071157386705058;
h_pac_n_var_pi_au_gap_lag_1 = 0.0017698616602523;
h_pac_n_var_u_gap_lag_1 = -0.0033881481462321;
h_pac_n_var_yhat_us_lag_1 = 0.0048530923243338;
h_pac_n_var_pi_us_gap_lag_1 = 0.0000000000000000;
h_pac_n_var_ibar_lag_1 = 0.0000000000000000;
h_pac_n_var_pibar_au_lag_1 = -0.0028122871106511;
h_pac_n_var_pibar_us_lag_1 = 0.0000000000000000;
h_pac_n_var_piQ_lag_1 = 0.0012387769351574;
h_pac_n_var_pi_m_lag_1 = 0.0002287069179194;
h_pac_n_var_dln_pcom_lag_1 = 0.0000827083600052;
h_pac_n_var_n_hat_lag_1 = 0.0120093396684392;
