// This file has been generated by dynare (16-May-2026 09:43:35).

parameters h_pac_n_constant h_pac_n_var_yhat_au_lag_1 h_pac_n_var_i_gap_lag_1 h_pac_n_var_pi_au_gap_lag_1 h_pac_n_var_u_gap_lag_1 h_pac_n_var_yhat_us_lag_1 h_pac_n_var_pi_us_gap_lag_1 h_pac_n_var_ibar_lag_1 h_pac_n_var_pibar_au_lag_1 h_pac_n_var_pibar_us_lag_1 h_pac_n_var_piQ_lag_1 h_pac_n_var_pi_m_lag_1 h_pac_n_var_dln_pcom_lag_1 h_pac_n_var_n_hat_lag_1;

h_pac_n_constant = 0.0005771377228977;
h_pac_n_var_yhat_au_lag_1 = 0.0079078134201737;
h_pac_n_var_i_gap_lag_1 = -0.0066238840416594;
h_pac_n_var_pi_au_gap_lag_1 = 0.0014665436141772;
h_pac_n_var_u_gap_lag_1 = -0.0038879905146065;
h_pac_n_var_yhat_us_lag_1 = 0.0053102815756437;
h_pac_n_var_pi_us_gap_lag_1 = 0.0000000000000000;
h_pac_n_var_ibar_lag_1 = 0.0000000000000000;
h_pac_n_var_pibar_au_lag_1 = -0.0023411679371942;
h_pac_n_var_pibar_us_lag_1 = 0.0000000000000000;
h_pac_n_var_piQ_lag_1 = 0.0010310930126954;
h_pac_n_var_pi_m_lag_1 = 0.0003866545678625;
h_pac_n_var_dln_pcom_lag_1 = 0.0000687946243757;
h_pac_n_var_n_hat_lag_1 = 0.0087814445502837;
