function y = set_auxiliary_variables(y, x, params)
%
% Computes auxiliary variables of the static model
%
y(88)=0;
y(89)=y(88);
y(90)=0;
y(91)=y(90);
y(92)=y(91);
y(93)=y(92);
y(94)=y(93);
y(95)=0;
y(96)=y(95);
y(97)=0;
y(98)=y(97);
y(99)=y(98);
y(100)=0;
y(101)=y(100);
y(102)=y(101);
y(104)=0;
y(105)=y(104);
y(107)=0;
y(108)=y(107);
y(109)=y(108);
y(111)=0;
y(112)=y(111);
y(113)=y(112);
y(115)=0;
y(116)=y(115);
y(117)=y(116);
y(118)=y(117);
y(119)=y(118);
y(121)=0;
y(122)=y(121);
y(123)=y(103);
y(124)=y(106);
y(125)=y(124);
y(126)=y(110);
y(127)=y(126);
y(128)=y(114);
y(129)=y(128);
y(130)=y(129);
y(131)=y(130);
y(132)=y(120);
end
