function y = set_auxiliary_variables(y, x, params)
%
% Computes auxiliary variables of the static model
%
y(110)=0;
y(111)=y(110);
y(112)=0;
y(113)=y(112);
y(114)=y(113);
y(115)=y(114);
y(116)=y(115);
y(117)=0;
y(118)=y(117);
y(119)=0;
y(120)=y(119);
y(121)=y(120);
y(122)=0;
y(123)=y(122);
y(124)=y(123);
y(126)=0;
y(127)=y(126);
y(129)=0;
y(130)=y(129);
y(131)=y(130);
y(133)=0;
y(134)=y(133);
y(135)=y(134);
y(137)=0;
y(138)=y(137);
y(139)=y(138);
y(140)=y(139);
y(141)=y(140);
y(143)=0;
y(144)=y(143);
y(145)=y(125);
y(146)=y(128);
y(147)=y(146);
y(148)=y(132);
y(149)=y(148);
y(150)=y(136);
y(151)=y(150);
y(152)=y(151);
y(153)=y(152);
y(154)=y(142);
end
