function y = set_auxiliary_variables(y, x, params)
%
% Computes auxiliary variables of the static model
%
y(87)=0;
y(88)=y(87);
y(89)=0;
y(90)=y(89);
y(91)=y(90);
y(92)=y(91);
y(93)=y(92);
y(94)=0;
y(95)=y(94);
y(96)=0;
y(97)=y(96);
y(98)=y(97);
y(99)=0;
y(100)=y(99);
y(101)=y(100);
y(103)=0;
y(104)=y(103);
y(106)=0;
y(107)=y(106);
y(108)=y(107);
y(110)=0;
y(111)=y(110);
y(112)=y(111);
y(114)=0;
y(115)=y(114);
y(116)=y(115);
y(117)=y(116);
y(118)=y(117);
y(120)=0;
y(121)=y(120);
y(122)=y(102);
y(123)=y(105);
y(124)=y(123);
y(125)=y(109);
y(126)=y(125);
y(127)=y(113);
y(128)=y(127);
y(129)=y(128);
y(130)=y(129);
y(131)=y(119);
end
