function ds = evaluate(dbase)

% Evaluates pac_expectations term (pac_ib).
%
% INPUTS
% - dbase     [dseries]  databse containing all the variables appearing in the auxiliary model for the expectation.
%
% OUTPUTS
% - ds        [dseries]  the expectation term .
%
% REMARKS
% The name of the appended variable in dbase is the declared name for the (PAC/VAR) expectation model.

% This file has been generated by dynare (21-May-2026 19:05:33).

ds = dseries();

ds.pac_ib = 0.0000757308050366+0.0002409149502219*dbase.yhat_au(-1)-0.0001901434807021*dbase.i_gap(-1)+0.0000841945080302*dbase.pi_au_gap(-1)+0.0000875587503652*dbase.u_gap(-1)+0.0002065844286072*dbase.yhat_us(-1)+0.0000000000000000*dbase.pi_us_gap(-1)+0.0000000000000000*dbase.ibar(-1)-0.0002087557878420*dbase.pibar_au(-1)+0.0000000000000000*dbase.pibar_us(-1)+0.0000763328992595*dbase.piQ(-1)+0.0000112536005239*dbase.pi_m(-1)+0.0000041381965947*dbase.dln_pcom(-1)-0.0002407865635044*dbase.tau_CIT_gap(-1)+0.0014321776908249*dbase.ib_hat(-1)+0.0000000000000000*dbase.rKB_hat(-1);
