function ds = evaluate(dbase)

% Evaluates pac_expectations term (pac_ib).
%
% INPUTS
% - dbase     [dseries]  databse containing all the variables appearing in the auxiliary model for the expectation.
%
% OUTPUTS
% - ds        [dseries]  the expectation term .
%
% REMARKS
% The name of the appended variable in dbase is the declared name for the (PAC/VAR) expectation model.

% This file has been generated by dynare (16-May-2026 09:43:34).

ds = dseries();

ds.pac_ib = 0.0001354518417331+0.0010880538860416*dbase.yhat_au(-1)-0.0008547629277073*dbase.i_gap(-1)+0.0001705017791890*dbase.pi_au_gap(-1)-0.0003441608781609*dbase.u_gap(-1)+0.0009287277213658*dbase.yhat_us(-1)+0.0000000000000000*dbase.pi_us_gap(-1)+0.0000000000000000*dbase.ibar(-1)-0.0004217023345403*dbase.pibar_au(-1)+0.0000000000000000*dbase.pibar_us(-1)+0.0001542008226895*dbase.piQ(-1)+0.0000507785650778*dbase.pi_m(-1)+0.0000083603490131*dbase.dln_pcom(-1)+0.0009663059095515*dbase.ib_hat(-1)+0.0000000000000000*dbase.rKB_hat(-1);
