a_c_i = -0.04;
a_c_pi = 0.005;
a_c_u = -0.03;
a_c_y = 0.06;
a_c_yh = 0.39;
a_yh_u = -0.2;
a_yh_y = 0.4;
b0_c = 0.0736;
b1_c = 0.0375;
b2_c = -0.333;
b3_c = 0.022;
h_pac_c_constant = 0.0006742793619455438;
h_pac_c_var_c_hat_lag_1 = 0.01127365966106677;
h_pac_c_var_dln_pcom_lag_1 = 9.524344261723165e-05;
h_pac_c_var_i_gap_lag_1 = -0.01594054308536918;
h_pac_c_var_ibar_lag_1 = 0;
h_pac_c_var_piQ_lag_1 = 0.001339735559562112;
h_pac_c_var_pi_au_gap_lag_1 = 0.002284070893352868;
h_pac_c_var_pi_m_lag_1 = 0.0005194713197557417;
h_pac_c_var_pi_us_gap_lag_1 = 0;
h_pac_c_var_pibar_au_lag_1 = -0.002938053858430724;
h_pac_c_var_pibar_us_lag_1 = 0;
h_pac_c_var_u_gap_lag_1 = -0.01906591160833707;
h_pac_c_var_yh_ratio_hat_lag_1 = 0.01564220331264332;
h_pac_c_var_yhat_au_lag_1 = 0.03140157993427454;
h_pac_c_var_yhat_us_lag_1 = 0.0186942864966065;
rho_c_aux = 0.6;
rho_yh_aux = 0.6;
