a_c_PAYG = -0.1;
a_c_i = -0.043;
a_c_pi = 0.01;
a_c_u = -0.036;
a_c_y = 0.058;
a_c_yh = 0.1;
a_yh_u = -0.07000000000000001;
a_yh_y = 0.12;
b0_c = 0.0736;
b1_c = 0.0375;
b2_c = -0.333;
b3_c = 0.022;
h_pac_c_constant = 0.0003458937173372551;
h_pac_c_var_c_hat_lag_1 = 0.01053776568397507;
h_pac_c_var_dln_pcom_lag_1 = 3.955325021801383e-05;
h_pac_c_var_i_gap_lag_1 = -0.008845224594859128;
h_pac_c_var_ibar_lag_1 = 0;
h_pac_c_var_piQ_lag_1 = 0.000556405469182104;
h_pac_c_var_pi_au_gap_lag_1 = 0.0009453289296049803;
h_pac_c_var_pi_m_lag_1 = 0.000110380946501119;
h_pac_c_var_pi_us_gap_lag_1 = 0;
h_pac_c_var_pibar_au_lag_1 = -0.001220216363422831;
h_pac_c_var_pibar_us_lag_1 = 0;
h_pac_c_var_tau_PAYG_gap_lag_1 = -0.009564712502815697;
h_pac_c_var_u_gap_lag_1 = -0.007309734434297453;
h_pac_c_var_wt_H_real_gap_lag_1 = 0;
h_pac_c_var_yh_ratio_hat_lag_1 = 0.01002197187779131;
h_pac_c_var_yhat_au_lag_1 = 0.01090617676217883;
h_pac_c_var_yhat_us_lag_1 = 0.006501609785602033;
rho_c_aux = 0.581;
rho_yh_aux = 0.93;
