// This file has been generated by dynare (16-May-2026 09:43:34).

parameters h_pac_c_constant h_pac_c_var_yhat_au_lag_1 h_pac_c_var_i_gap_lag_1 h_pac_c_var_pi_au_gap_lag_1 h_pac_c_var_u_gap_lag_1 h_pac_c_var_yhat_us_lag_1 h_pac_c_var_pi_us_gap_lag_1 h_pac_c_var_ibar_lag_1 h_pac_c_var_pibar_au_lag_1 h_pac_c_var_pibar_us_lag_1 h_pac_c_var_piQ_lag_1 h_pac_c_var_pi_m_lag_1 h_pac_c_var_dln_pcom_lag_1 h_pac_c_var_yh_ratio_hat_lag_1 h_pac_c_var_c_hat_lag_1;

h_pac_c_constant = 0.0006742793619455;
h_pac_c_var_yhat_au_lag_1 = 0.0314015799342745;
h_pac_c_var_i_gap_lag_1 = -0.0159405430853692;
h_pac_c_var_pi_au_gap_lag_1 = 0.0022840708933529;
h_pac_c_var_u_gap_lag_1 = -0.0190659116083371;
h_pac_c_var_yhat_us_lag_1 = 0.0186942864966065;
h_pac_c_var_pi_us_gap_lag_1 = 0.0000000000000000;
h_pac_c_var_ibar_lag_1 = 0.0000000000000000;
h_pac_c_var_pibar_au_lag_1 = -0.0029380538584307;
h_pac_c_var_pibar_us_lag_1 = 0.0000000000000000;
h_pac_c_var_piQ_lag_1 = 0.0013397355595621;
h_pac_c_var_pi_m_lag_1 = 0.0005194713197557;
h_pac_c_var_dln_pcom_lag_1 = 0.0000952434426172;
h_pac_c_var_yh_ratio_hat_lag_1 = 0.0156422033126433;
h_pac_c_var_c_hat_lag_1 = 0.0112736596610668;
