// This file has been generated by dynare (21-May-2026 19:05:32).

parameters h_pac_c_constant h_pac_c_var_yhat_au_lag_1 h_pac_c_var_i_gap_lag_1 h_pac_c_var_pi_au_gap_lag_1 h_pac_c_var_u_gap_lag_1 h_pac_c_var_yhat_us_lag_1 h_pac_c_var_pi_us_gap_lag_1 h_pac_c_var_ibar_lag_1 h_pac_c_var_pibar_au_lag_1 h_pac_c_var_pibar_us_lag_1 h_pac_c_var_piQ_lag_1 h_pac_c_var_pi_m_lag_1 h_pac_c_var_dln_pcom_lag_1 h_pac_c_var_tau_PAYG_gap_lag_1 h_pac_c_var_yh_ratio_hat_lag_1 h_pac_c_var_c_hat_lag_1;

h_pac_c_constant = 0.0003458937173373;
h_pac_c_var_yhat_au_lag_1 = 0.0109061767621788;
h_pac_c_var_i_gap_lag_1 = -0.0088452245948591;
h_pac_c_var_pi_au_gap_lag_1 = 0.0009453289296050;
h_pac_c_var_u_gap_lag_1 = -0.0073097344342975;
h_pac_c_var_yhat_us_lag_1 = 0.0065016097856020;
h_pac_c_var_pi_us_gap_lag_1 = 0.0000000000000000;
h_pac_c_var_ibar_lag_1 = 0.0000000000000000;
h_pac_c_var_pibar_au_lag_1 = -0.0012202163634228;
h_pac_c_var_pibar_us_lag_1 = 0.0000000000000000;
h_pac_c_var_piQ_lag_1 = 0.0005564054691821;
h_pac_c_var_pi_m_lag_1 = 0.0001103809465011;
h_pac_c_var_dln_pcom_lag_1 = 0.0000395532502180;
h_pac_c_var_tau_PAYG_gap_lag_1 = -0.0095647125028157;
h_pac_c_var_yh_ratio_hat_lag_1 = 0.0100219718777913;
h_pac_c_var_c_hat_lag_1 = 0.0105377656839751;
