function ds = evaluate(dbase)

% Evaluates pac_expectations term (pac_n).
%
% INPUTS
% - dbase     [dseries]  databse containing all the variables appearing in the auxiliary model for the expectation.
%
% OUTPUTS
% - ds        [dseries]  the expectation term .
%
% REMARKS
% The name of the appended variable in dbase is the declared name for the (PAC/VAR) expectation model.

% This file has been generated by dynare (21-May-2026 19:05:36).

ds = dseries();

ds.pac_n = 0.0008405020359839+0.0072745019992967*dbase.yhat_au(-1)-0.0071157386705058*dbase.i_gap(-1)+0.0017698616602523*dbase.pi_au_gap(-1)-0.0033881481462321*dbase.u_gap(-1)+0.0048530923243338*dbase.yhat_us(-1)+0.0000000000000000*dbase.pi_us_gap(-1)+0.0000000000000000*dbase.ibar(-1)-0.0028122871106511*dbase.pibar_au(-1)+0.0000000000000000*dbase.pibar_us(-1)+0.0012387769351574*dbase.piQ(-1)+0.0002287069179194*dbase.pi_m(-1)+0.0000827083600052*dbase.dln_pcom(-1)+0.1240186277865285*dbase.dln_pop_bar(-1)+0.0120093396684392*dbase.n_hat(-1);
