function ds = evaluate(dbase)

% Evaluates pac_expectations term (pac_n).
%
% INPUTS
% - dbase     [dseries]  databse containing all the variables appearing in the auxiliary model for the expectation.
%
% OUTPUTS
% - ds        [dseries]  the expectation term .
%
% REMARKS
% The name of the appended variable in dbase is the declared name for the (PAC/VAR) expectation model.

% This file has been generated by dynare (16-May-2026 09:43:35).

ds = dseries();

ds.pac_n = 0.0005771377228977+0.0079078134201737*dbase.yhat_au(-1)-0.0066238840416594*dbase.i_gap(-1)+0.0014665436141772*dbase.pi_au_gap(-1)-0.0038879905146065*dbase.u_gap(-1)+0.0053102815756437*dbase.yhat_us(-1)+0.0000000000000000*dbase.pi_us_gap(-1)+0.0000000000000000*dbase.ibar(-1)-0.0023411679371942*dbase.pibar_au(-1)+0.0000000000000000*dbase.pibar_us(-1)+0.0010310930126954*dbase.piQ(-1)+0.0003866545678625*dbase.pi_m(-1)+0.0000687946243757*dbase.dln_pcom(-1)+0.0087814445502837*dbase.n_hat(-1);
