function ds = evaluate(dbase)

% Evaluates pac_expectations term (pac_pQ).
%
% INPUTS
% - dbase     [dseries]  databse containing all the variables appearing in the auxiliary model for the expectation.
%
% OUTPUTS
% - ds        [dseries]  the expectation term .
%
% REMARKS
% The name of the appended variable in dbase is the declared name for the (PAC/VAR) expectation model.

% This file has been generated by dynare (17-May-2026 11:22:21).

ds = dseries();

ds.pac_pQ = 0.0019460711866706+0.0039734129352711*dbase.yhat_au(-1)-0.0024357028900377*dbase.i_gap(-1)+0.0032606211115294*dbase.pi_au_gap(-1)-0.0026694925718220*dbase.u_gap(-1)+0.0030864452118670*dbase.yhat_us(-1)+0.0000000000000000*dbase.pi_us_gap(-1)+0.0000000000000000*dbase.ibar(-1)-0.0066413157451646*dbase.pibar_au(-1)+0.0000000000000000*dbase.pibar_us(-1)+0.0026209736847014*dbase.piQ(-1)+0.0009066281617903*dbase.pi_m(-1)+0.0001536409820677*dbase.dln_pcom(-1)+0.0062113776464536*dbase.pi_w_gap(-1)+0.0070924221412947*dbase.piQ_hat(-1);
