function ds = evaluate(dbase)

% Evaluates pac_expectations term (pac_pQ).
%
% INPUTS
% - dbase     [dseries]  databse containing all the variables appearing in the auxiliary model for the expectation.
%
% OUTPUTS
% - ds        [dseries]  the expectation term .
%
% REMARKS
% The name of the appended variable in dbase is the declared name for the (PAC/VAR) expectation model.

% This file has been generated by dynare (16-May-2026 09:43:33).

ds = dseries();

ds.pac_pQ = 0.0000568721267583+0.0012669422530300*dbase.yhat_au(-1)-0.0007943510365543*dbase.i_gap(-1)+0.0000958567860411*dbase.pi_au_gap(-1)+0.0000000000000000*dbase.u_gap(-1)+0.0010053304456125*dbase.yhat_us(-1)+0.0000000000000000*dbase.pi_us_gap(-1)+0.0000000000000000*dbase.ibar(-1)-0.0001941397349341*dbase.pibar_au(-1)+0.0000000000000000*dbase.pibar_us(-1)+0.0000766295154835*dbase.piQ(-1)+0.0000265148166373*dbase.pi_m(-1)+0.0000044954102448*dbase.dln_pcom(-1)+0.0070924221412947*dbase.piQ_hat(-1);
