function ds = evaluate(dbase)

% Evaluates pac_expectations term (pac_pQ).
%
% INPUTS
% - dbase     [dseries]  databse containing all the variables appearing in the auxiliary model for the expectation.
%
% OUTPUTS
% - ds        [dseries]  the expectation term .
%
% REMARKS
% The name of the appended variable in dbase is the declared name for the (PAC/VAR) expectation model.

% This file has been generated by dynare (17-May-2026 15:42:16).

ds = dseries();

ds.pac_pQ = 0.0004530206149500+0.0013094155815919*dbase.yhat_au(-1)-0.0013540398094923*dbase.i_gap(-1)+0.0007347755204011*dbase.pi_au_gap(-1)-0.0010375044821992*dbase.u_gap(-1)+0.0010313051304382*dbase.yhat_us(-1)+0.0000000000000000*dbase.pi_us_gap(-1)+0.0000000000000000*dbase.ibar(-1)-0.0015437324690708*dbase.pibar_au(-1)+0.0000000000000000*dbase.pibar_us(-1)+0.0006086782909133*dbase.piQ(-1)+0.0002102211942375*dbase.pi_m(-1)+0.0000355353463619*dbase.dln_pcom(-1)+0.0011653464903021*dbase.pi_w_gap(-1)+0.0006855541194920*dbase.piQ_hat(-1);
