b0_pQ = 0.0294;
b1_pQ = 0.2784;
b2_pQ = 0.0022;
h_pac_pQ_constant = 0.001946071186670553;
h_pac_pQ_var_dln_pcom_lag_1 = 0.0001536409820677057;
h_pac_pQ_var_i_gap_lag_1 = -0.002435702890037659;
h_pac_pQ_var_ibar_lag_1 = 0;
h_pac_pQ_var_piQ_hat_lag_1 = 0.007092422141294697;
h_pac_pQ_var_piQ_lag_1 = 0.002620973684701352;
h_pac_pQ_var_pi_au_gap_lag_1 = 0.003260621111529395;
h_pac_pQ_var_pi_m_lag_1 = 0.0009066281617903416;
h_pac_pQ_var_pi_us_gap_lag_1 = 0;
h_pac_pQ_var_pi_w_gap_lag_1 = 0.006211377646453626;
h_pac_pQ_var_pibar_au_lag_1 = -0.006641315745164579;
h_pac_pQ_var_pibar_us_lag_1 = 0;
h_pac_pQ_var_u_gap_lag_1 = -0.002669492571821966;
h_pac_pQ_var_yhat_au_lag_1 = 0.003973412935271122;
h_pac_pQ_var_yhat_us_lag_1 = 0.003086445211867006;
