a_pQ_i = 0;
a_pQ_pi = 0;
a_pQ_u = 0;
a_pQ_y = 0.05;
b0_pQ = 0.0294;
b1_pQ = 0.2784;
b2_pQ = 0.0022;
h_pac_pQ_constant = 5.687212675830823e-05;
h_pac_pQ_var_dln_pcom_lag_1 = 4.495410244811677e-06;
h_pac_pQ_var_i_gap_lag_1 = -0.000794351036554313;
h_pac_pQ_var_ibar_lag_1 = 0;
h_pac_pQ_var_piQ_hat_lag_1 = 0.007092422141294697;
h_pac_pQ_var_piQ_lag_1 = 7.662951548350418e-05;
h_pac_pQ_var_pi_au_gap_lag_1 = 9.58567860410706e-05;
h_pac_pQ_var_pi_m_lag_1 = 2.651481663728039e-05;
h_pac_pQ_var_pi_us_gap_lag_1 = 0;
h_pac_pQ_var_pibar_au_lag_1 = -0.0001941397349340778;
h_pac_pQ_var_pibar_us_lag_1 = 0;
h_pac_pQ_var_u_gap_lag_1 = 0;
h_pac_pQ_var_yhat_au_lag_1 = 0.001266942253030019;
h_pac_pQ_var_yhat_us_lag_1 = 0.001005330445612462;
rho_pQ_aux = 0.85;
