a_n_i = -0.031;
a_n_pi = 0.057;
a_n_u = -0.029;
a_n_y = 0.094;
b0_n = 0.0578;
b1_n = 0.3118;
b2_n = 0;
b3_n = 0;
b4_n = 0;
b5_n = -0.0007;
h_pac_n_constant = 0.0006930318433303621;
h_pac_n_var_dln_pcom_lag_1 = 8.270836000520397e-05;
h_pac_n_var_i_gap_lag_1 = -0.007115738670505818;
h_pac_n_var_ibar_lag_1 = 0;
h_pac_n_var_n_hat_lag_1 = 0.01200933966843916;
h_pac_n_var_piQ_lag_1 = 0.001238776935157444;
h_pac_n_var_pi_au_gap_lag_1 = 0.001769861660252333;
h_pac_n_var_pi_m_lag_1 = 0.000464659226165104;
h_pac_n_var_pi_us_gap_lag_1 = 0;
h_pac_n_var_pibar_au_lag_1 = -0.002812287110651132;
h_pac_n_var_pibar_us_lag_1 = 0;
h_pac_n_var_u_gap_lag_1 = -0.00338814814623208;
h_pac_n_var_yhat_au_lag_1 = 0.007274501999296703;
h_pac_n_var_yhat_us_lag_1 = 0.004853092324333788;
rho_n_aux = 0.743;
