a_n_i = -0.03;
a_n_pi = 0.05;
a_n_u = -0.04;
a_n_y = 0.12;
b0_n = 0.0578;
b1_n = 0.3118;
b2_n = 0;
b3_n = 0;
b4_n = 0;
b5_n = -0.0007;
h_pac_n_constant = 0.0005771377228976953;
h_pac_n_var_dln_pcom_lag_1 = 6.879462437572688e-05;
h_pac_n_var_i_gap_lag_1 = -0.006623884041659378;
h_pac_n_var_ibar_lag_1 = 0;
h_pac_n_var_n_hat_lag_1 = 0.008781444550283712;
h_pac_n_var_piQ_lag_1 = 0.001031093012695416;
h_pac_n_var_pi_au_gap_lag_1 = 0.00146654361417723;
h_pac_n_var_pi_m_lag_1 = 0.000386654567862486;
h_pac_n_var_pi_us_gap_lag_1 = 0;
h_pac_n_var_pibar_au_lag_1 = -0.002341167937194218;
h_pac_n_var_pibar_us_lag_1 = 0;
h_pac_n_var_u_gap_lag_1 = -0.003887990514606526;
h_pac_n_var_yhat_au_lag_1 = 0.007907813420173734;
h_pac_n_var_yhat_us_lag_1 = 0.005310281575643715;
rho_n_aux = 0.67;
