// This file has been generated by dynare (16-May-2026 09:43:34).

parameters h_pac_ib_constant h_pac_ib_var_yhat_au_lag_1 h_pac_ib_var_i_gap_lag_1 h_pac_ib_var_pi_au_gap_lag_1 h_pac_ib_var_u_gap_lag_1 h_pac_ib_var_yhat_us_lag_1 h_pac_ib_var_pi_us_gap_lag_1 h_pac_ib_var_ibar_lag_1 h_pac_ib_var_pibar_au_lag_1 h_pac_ib_var_pibar_us_lag_1 h_pac_ib_var_piQ_lag_1 h_pac_ib_var_pi_m_lag_1 h_pac_ib_var_dln_pcom_lag_1 h_pac_ib_var_ib_hat_lag_1 h_pac_ib_var_rKB_hat_lag_1;

h_pac_ib_constant = 0.0001354518417331;
h_pac_ib_var_yhat_au_lag_1 = 0.0010880538860416;
h_pac_ib_var_i_gap_lag_1 = -0.0008547629277073;
h_pac_ib_var_pi_au_gap_lag_1 = 0.0001705017791890;
h_pac_ib_var_u_gap_lag_1 = -0.0003441608781609;
h_pac_ib_var_yhat_us_lag_1 = 0.0009287277213658;
h_pac_ib_var_pi_us_gap_lag_1 = 0.0000000000000000;
h_pac_ib_var_ibar_lag_1 = 0.0000000000000000;
h_pac_ib_var_pibar_au_lag_1 = -0.0004217023345403;
h_pac_ib_var_pibar_us_lag_1 = 0.0000000000000000;
h_pac_ib_var_piQ_lag_1 = 0.0001542008226895;
h_pac_ib_var_pi_m_lag_1 = 0.0000507785650778;
h_pac_ib_var_dln_pcom_lag_1 = 0.0000083603490131;
h_pac_ib_var_ib_hat_lag_1 = 0.0009663059095515;
h_pac_ib_var_rKB_hat_lag_1 = 0.0000000000000000;
