// This file has been generated by dynare (17-May-2026 16:52:37).

parameters h_pac_ib_constant h_pac_ib_var_yhat_au_lag_1 h_pac_ib_var_i_gap_lag_1 h_pac_ib_var_pi_au_gap_lag_1 h_pac_ib_var_u_gap_lag_1 h_pac_ib_var_yhat_us_lag_1 h_pac_ib_var_pi_us_gap_lag_1 h_pac_ib_var_ibar_lag_1 h_pac_ib_var_pibar_au_lag_1 h_pac_ib_var_pibar_us_lag_1 h_pac_ib_var_piQ_lag_1 h_pac_ib_var_pi_m_lag_1 h_pac_ib_var_dln_pcom_lag_1 h_pac_ib_var_ib_hat_lag_1 h_pac_ib_var_rKB_hat_lag_1;

h_pac_ib_constant = 0.0000757308050366;
h_pac_ib_var_yhat_au_lag_1 = 0.0002409149502219;
h_pac_ib_var_i_gap_lag_1 = -0.0001901434807021;
h_pac_ib_var_pi_au_gap_lag_1 = 0.0000841945080302;
h_pac_ib_var_u_gap_lag_1 = 0.0000875587503652;
h_pac_ib_var_yhat_us_lag_1 = 0.0002065844286072;
h_pac_ib_var_pi_us_gap_lag_1 = 0.0000000000000000;
h_pac_ib_var_ibar_lag_1 = 0.0000000000000000;
h_pac_ib_var_pibar_au_lag_1 = -0.0002087557878420;
h_pac_ib_var_pibar_us_lag_1 = 0.0000000000000000;
h_pac_ib_var_piQ_lag_1 = 0.0000763328992595;
h_pac_ib_var_pi_m_lag_1 = 0.0000112536005239;
h_pac_ib_var_dln_pcom_lag_1 = 0.0000041381965947;
h_pac_ib_var_ib_hat_lag_1 = 0.0014321776908249;
h_pac_ib_var_rKB_hat_lag_1 = 0.0000000000000000;
