a_ih_i = -0.08;
a_ih_pi = 0.05;
a_ih_u = -0.03;
a_ih_y = 0.08;
b0_ih = 0.0309;
b1_ih = 0.108;
b2_ih = 0;
b3_ih = 0.2322;
h_pac_ih_constant = 0.0002952487953424539;
h_pac_ih_var_dln_pcom_lag_1 = 2.171770053907446e-05;
h_pac_ih_var_i_gap_lag_1 = -0.005932505507758543;
h_pac_ih_var_ibar_lag_1 = 0;
h_pac_ih_var_ih_hat_lag_1 = 0.003489281244959838;
h_pac_ih_var_piQ_lag_1 = 0.0003789139784760678;
h_pac_ih_var_pi_au_gap_lag_1 = 0.0004510471509181633;
h_pac_ih_var_pi_m_lag_1 = 0.0001292355053522546;
h_pac_ih_var_pi_us_gap_lag_1 = 0;
h_pac_ih_var_pibar_au_lag_1 = -0.000980547556376248;
h_pac_ih_var_pibar_us_lag_1 = 0;
h_pac_ih_var_u_gap_lag_1 = -0.001380215014894354;
h_pac_ih_var_yhat_au_lag_1 = 0.002437848282466869;
h_pac_ih_var_yhat_us_lag_1 = 0.001942354276707757;
rho_ih_aux = 0.71;
