a_ih_i = -0.152;
a_ih_pi = 0.042;
a_ih_u = 0.004;
a_ih_y = 0.097;
b0_ih = 0.0309;
b1_ih = 0.108;
b2_ih = 0;
b3_ih = 0.2322;
h_pac_ih_constant = 0.0001774926117370777;
h_pac_ih_var_dln_pcom_lag_1 = 1.13610208085596e-05;
h_pac_ih_var_i_gap_lag_1 = -0.00875225154469619;
h_pac_ih_var_ibar_lag_1 = 0;
h_pac_ih_var_ih_hat_lag_1 = 0.003325377021469034;
h_pac_ih_var_piQ_lag_1 = 0.0001983570643411463;
h_pac_ih_var_pi_au_gap_lag_1 = 0.0002327047507059199;
h_pac_ih_var_pi_m_lag_1 = 3.103078600160914e-05;
h_pac_ih_var_pi_us_gap_lag_1 = 0;
h_pac_ih_var_pibar_au_lag_1 = -0.0005133760291220796;
h_pac_ih_var_pibar_us_lag_1 = 0;
h_pac_ih_var_u_gap_lag_1 = 0.0001783494219255467;
h_pac_ih_var_yhat_au_lag_1 = 0.001163071255682311;
h_pac_ih_var_yhat_us_lag_1 = 0.0009368676540363051;
rho_ih_aux = 0.699;
