function [y, T] = static_20(y, x, params, sparse_rowval, sparse_colval, sparse_colptr, T)
  y(98)=0;
  y(99)=y(98);
  y(100)=0;
  y(101)=y(100);
  y(102)=0;
  y(103)=y(102);
  y(104)=0;
  y(105)=y(104);
  y(106)=0;
  y(107)=y(106);
  y(108)=0;
  y(109)=y(108);
  y(110)=0;
  y(111)=y(110);
  y(112)=y(111);
  y(113)=y(112);
  y(114)=y(113);
  y(115)=0;
  y(116)=y(115);
  y(117)=0;
  y(118)=y(117);
  y(119)=y(118);
  y(120)=0;
  y(121)=y(120);
  y(122)=y(121);
  y(129)=y(87);
  y(131)=y(90);
  y(133)=y(93);
  y(135)=y(96);
  y(137)=y(83);
end
