function [y, T] = static_20(y, x, params, sparse_rowval, sparse_colval, sparse_colptr, T)
  y(93)=0;
  y(94)=y(93);
  y(95)=0;
  y(96)=y(95);
  y(97)=0;
  y(98)=y(97);
  y(99)=0;
  y(100)=y(99);
  y(101)=0;
  y(102)=y(101);
  y(103)=0;
  y(104)=y(103);
  y(105)=0;
  y(106)=y(105);
  y(107)=y(106);
  y(108)=y(107);
  y(109)=y(108);
  y(110)=0;
  y(111)=y(110);
  y(112)=0;
  y(113)=y(112);
  y(114)=y(113);
  y(115)=0;
  y(116)=y(115);
  y(117)=y(116);
  y(124)=y(82);
  y(126)=y(85);
  y(128)=y(88);
  y(130)=y(91);
  y(132)=y(78);
end
