function [y, T] = static_16(y, x, params, sparse_rowval, sparse_colval, sparse_colptr, T)
  y(82)=0;
  y(83)=y(82);
  y(84)=0;
  y(85)=y(84);
  y(86)=0;
  y(87)=y(86);
  y(88)=0;
  y(89)=y(88);
  y(90)=0;
  y(91)=y(90);
  y(92)=0;
  y(93)=y(92);
  y(94)=0;
  y(95)=y(94);
  y(96)=y(95);
  y(97)=y(96);
  y(98)=y(97);
  y(99)=0;
  y(100)=y(99);
  y(101)=0;
  y(102)=y(101);
  y(103)=y(102);
  y(104)=0;
  y(105)=y(104);
  y(106)=y(105);
  y(114)=y(71);
  y(116)=y(74);
  y(118)=y(77);
  y(120)=y(80);
  y(122)=y(67);
end
