function [y, T] = static_17(y, x, params, sparse_rowval, sparse_colval, sparse_colptr, T)
  y(116)=0;
  y(117)=y(116);
  y(118)=0;
  y(119)=y(118);
  y(120)=y(119);
  y(121)=y(120);
  y(122)=y(121);
  y(123)=0;
  y(124)=y(123);
  y(125)=0;
  y(126)=y(125);
  y(127)=y(126);
  y(128)=0;
  y(129)=y(128);
  y(130)=y(129);
end
