function [y, T] = static_18(y, x, params, sparse_rowval, sparse_colval, sparse_colptr, T)
  y(121)=0;
  y(122)=y(121);
  y(123)=0;
  y(124)=y(123);
  y(125)=y(124);
  y(126)=y(125);
  y(127)=y(126);
  y(128)=0;
  y(129)=y(128);
  y(130)=0;
  y(131)=y(130);
  y(132)=y(131);
  y(133)=0;
  y(134)=y(133);
  y(135)=y(134);
end
