function y = set_auxiliary_variables(y, x, params)
%
% Computes auxiliary variables of the static model
%
y(113)=0;
y(114)=y(113);
y(115)=0;
y(116)=y(115);
y(117)=0;
y(118)=y(117);
y(119)=0;
y(120)=y(119);
y(121)=0;
y(122)=y(121);
y(123)=0;
y(124)=y(123);
y(125)=0;
y(126)=y(125);
y(127)=y(126);
y(128)=y(127);
y(129)=y(128);
y(130)=0;
y(131)=y(130);
y(132)=0;
y(133)=y(132);
y(134)=y(133);
y(135)=0;
y(136)=y(135);
y(137)=y(136);
y(138)=y(102)*params(152)+y(101)*params(153)+y(102)*params(154)+y(101)*params(155)+y(102)*params(156);
y(139)=y(105)*params(157)+y(104)*params(158)+y(105)*params(159)+y(104)*params(160)+y(105)*params(161);
y(140)=y(108)*params(162)+y(107)*params(163)+y(108)*params(164)+y(107)*params(165)+y(108)*params(166);
y(141)=y(111)*params(167)+y(110)*params(168)+y(111)*params(169)+y(110)*params(170)+y(111)*params(171);
y(142)=y(98)*params(172)+y(97)*params(173)+y(98)*params(174)+y(97)*params(175)+y(98)*params(176);
y(143)=y(101);
y(144)=y(102);
y(145)=y(104);
y(146)=y(105);
y(147)=y(107);
y(148)=y(108);
y(149)=y(110);
y(150)=y(111);
y(151)=y(97);
y(152)=y(98);
end
