function y = set_auxiliary_variables(y, x, params)
%
% Computes auxiliary variables of the static model
%
y(92)=0;
y(93)=y(92);
y(94)=0;
y(95)=y(94);
y(96)=0;
y(97)=y(96);
y(98)=0;
y(99)=y(98);
y(100)=0;
y(101)=y(100);
y(102)=0;
y(103)=y(102);
y(104)=0;
y(105)=y(104);
y(106)=y(105);
y(107)=y(106);
y(108)=y(107);
y(109)=0;
y(110)=y(109);
y(111)=0;
y(112)=y(111);
y(113)=y(112);
y(114)=0;
y(115)=y(114);
y(116)=y(115);
y(117)=y(81)*params(135)+y(80)*params(136)+y(81)*params(137)+y(80)*params(138)+y(81)*params(139);
y(118)=y(84)*params(140)+y(83)*params(141)+y(84)*params(142)+y(83)*params(143)+y(84)*params(144);
y(119)=y(87)*params(145)+y(86)*params(146)+y(87)*params(147)+y(86)*params(148)+y(87)*params(149);
y(120)=y(90)*params(150)+y(89)*params(151)+y(90)*params(152)+y(89)*params(153)+y(90)*params(154);
y(121)=y(77)*params(155)+y(76)*params(156)+y(77)*params(157)+y(76)*params(158)+y(77)*params(159);
y(122)=y(80);
y(123)=y(81);
y(124)=y(83);
y(125)=y(84);
y(126)=y(86);
y(127)=y(87);
y(128)=y(89);
y(129)=y(90);
y(130)=y(76);
y(131)=y(77);
end
