// This file has been generated by dynare (16-May-2026 09:43:34).

parameters h_pac_ih_constant h_pac_ih_var_yhat_au_lag_1 h_pac_ih_var_i_gap_lag_1 h_pac_ih_var_pi_au_gap_lag_1 h_pac_ih_var_u_gap_lag_1 h_pac_ih_var_yhat_us_lag_1 h_pac_ih_var_pi_us_gap_lag_1 h_pac_ih_var_ibar_lag_1 h_pac_ih_var_pibar_au_lag_1 h_pac_ih_var_pibar_us_lag_1 h_pac_ih_var_piQ_lag_1 h_pac_ih_var_pi_m_lag_1 h_pac_ih_var_dln_pcom_lag_1 h_pac_ih_var_ih_hat_lag_1;

h_pac_ih_constant = 0.0002952487953425;
h_pac_ih_var_yhat_au_lag_1 = 0.0024378482824669;
h_pac_ih_var_i_gap_lag_1 = -0.0059325055077585;
h_pac_ih_var_pi_au_gap_lag_1 = 0.0004510471509182;
h_pac_ih_var_u_gap_lag_1 = -0.0013802150148944;
h_pac_ih_var_yhat_us_lag_1 = 0.0019423542767078;
h_pac_ih_var_pi_us_gap_lag_1 = 0.0000000000000000;
h_pac_ih_var_ibar_lag_1 = 0.0000000000000000;
h_pac_ih_var_pibar_au_lag_1 = -0.0009805475563762;
h_pac_ih_var_pibar_us_lag_1 = 0.0000000000000000;
h_pac_ih_var_piQ_lag_1 = 0.0003789139784761;
h_pac_ih_var_pi_m_lag_1 = 0.0001292355053523;
h_pac_ih_var_dln_pcom_lag_1 = 0.0000217177005391;
h_pac_ih_var_ih_hat_lag_1 = 0.0034892812449598;
