// This file has been generated by dynare (21-May-2026 21:22:57).

parameters h_pac_ih_constant h_pac_ih_var_yhat_au_lag_1 h_pac_ih_var_i_gap_lag_1 h_pac_ih_var_pi_au_gap_lag_1 h_pac_ih_var_u_gap_lag_1 h_pac_ih_var_yhat_us_lag_1 h_pac_ih_var_pi_us_gap_lag_1 h_pac_ih_var_ibar_lag_1 h_pac_ih_var_pibar_au_lag_1 h_pac_ih_var_pibar_us_lag_1 h_pac_ih_var_piQ_lag_1 h_pac_ih_var_pi_m_lag_1 h_pac_ih_var_dln_pcom_lag_1 h_pac_ih_var_ih_hat_lag_1;

h_pac_ih_constant = 0.0001774926117371;
h_pac_ih_var_yhat_au_lag_1 = 0.0011630712556823;
h_pac_ih_var_i_gap_lag_1 = -0.0087522515446962;
h_pac_ih_var_pi_au_gap_lag_1 = 0.0002327047507059;
h_pac_ih_var_u_gap_lag_1 = 0.0001783494219255;
h_pac_ih_var_yhat_us_lag_1 = 0.0009368676540363;
h_pac_ih_var_pi_us_gap_lag_1 = 0.0000000000000000;
h_pac_ih_var_ibar_lag_1 = 0.0000000000000000;
h_pac_ih_var_pibar_au_lag_1 = -0.0005133760291221;
h_pac_ih_var_pibar_us_lag_1 = 0.0000000000000000;
h_pac_ih_var_piQ_lag_1 = 0.0001983570643411;
h_pac_ih_var_pi_m_lag_1 = 0.0000310307860016;
h_pac_ih_var_dln_pcom_lag_1 = 0.0000113610208086;
h_pac_ih_var_ih_hat_lag_1 = 0.0033253770214690;
