function ds = evaluate(dbase)

% Evaluates pac_expectations term (pac_ih).
%
% INPUTS
% - dbase     [dseries]  databse containing all the variables appearing in the auxiliary model for the expectation.
%
% OUTPUTS
% - ds        [dseries]  the expectation term .
%
% REMARKS
% The name of the appended variable in dbase is the declared name for the (PAC/VAR) expectation model.

% This file has been generated by dynare (17-May-2026 15:42:17).

ds = dseries();

ds.pac_ih = 0.0001546141898335+0.0011630712556823*dbase.yhat_au(-1)-0.0087522515446962*dbase.i_gap(-1)+0.0002327047507059*dbase.pi_au_gap(-1)+0.0001783494219255*dbase.u_gap(-1)+0.0009368676540363*dbase.yhat_us(-1)+0.0000000000000000*dbase.pi_us_gap(-1)+0.0000000000000000*dbase.ibar(-1)-0.0005133760291221*dbase.pibar_au(-1)+0.0000000000000000*dbase.pibar_us(-1)+0.0001983570643411*dbase.piQ(-1)+0.0000676362610473*dbase.pi_m(-1)+0.0000113610208086*dbase.dln_pcom(-1)+0.0033253770214690*dbase.ih_hat(-1);
