function ds = evaluate(dbase)

% Evaluates pac_expectations term (pac_ih).
%
% INPUTS
% - dbase     [dseries]  databse containing all the variables appearing in the auxiliary model for the expectation.
%
% OUTPUTS
% - ds        [dseries]  the expectation term .
%
% REMARKS
% The name of the appended variable in dbase is the declared name for the (PAC/VAR) expectation model.

% This file has been generated by dynare (16-May-2026 09:43:34).

ds = dseries();

ds.pac_ih = 0.0002952487953425+0.0024378482824669*dbase.yhat_au(-1)-0.0059325055077585*dbase.i_gap(-1)+0.0004510471509182*dbase.pi_au_gap(-1)-0.0013802150148944*dbase.u_gap(-1)+0.0019423542767078*dbase.yhat_us(-1)+0.0000000000000000*dbase.pi_us_gap(-1)+0.0000000000000000*dbase.ibar(-1)-0.0009805475563762*dbase.pibar_au(-1)+0.0000000000000000*dbase.pibar_us(-1)+0.0003789139784761*dbase.piQ(-1)+0.0001292355053523*dbase.pi_m(-1)+0.0000217177005391*dbase.dln_pcom(-1)+0.0034892812449598*dbase.ih_hat(-1);
