function [y, T] = static_24(y, x, params, sparse_rowval, sparse_colval, sparse_colptr, T)
  y(110)=0;
  y(111)=y(110);
  y(112)=0;
  y(113)=y(112);
  y(114)=y(113);
  y(115)=y(114);
  y(116)=y(115);
  y(117)=0;
  y(118)=y(117);
  y(119)=0;
  y(120)=y(119);
  y(121)=y(120);
  y(122)=0;
  y(123)=y(122);
  y(124)=y(123);
  y(126)=0;
  y(127)=y(126);
  y(129)=0;
  y(130)=y(129);
  y(131)=y(130);
  y(133)=0;
  y(134)=y(133);
  y(135)=y(134);
  y(137)=0;
  y(138)=y(137);
  y(139)=y(138);
  y(140)=y(139);
  y(141)=y(140);
  y(143)=0;
  y(144)=y(143);
end
